6281276442545
6285237197828
6285903164859
6285741144490
6285393706164
6282354753958
6287865267941
6282395761748
6285298750833
6285350022654
6285374321172
6281915966306
6282348694856
6281915966306
6281373857600
6285394540943
6281279204177
6282332927918
6285398633802
6287839953606
6281347654883
6289671652313
6285205815408
6285241028943
6281345311541
6285934699410
6285201264982
6281256364748
6281390959777
6285934896134
6282372875263
6285331048785
6281373857600
6281392105091
6282282718079
6285299870879
6281338649707
6287861225909
6281267197816
6282364764538
6281267197816
6282349582660
6281373857600
6285399746034
6281368834924
6281929694227
6285747864470
628164253910
6283863217979
6281906678708
6281913733272
6282345518070
6285394540943
6285343988981
6285228365493
6285767115049
6285228373981
6281343906711
6282345518070
628994664755
6282281459565
6285292387900
6285285727210
6285399584110
6285737864598
6285242386223
6282157413440
6285367075489
6282304394428
6281391886214
6285712218580
6282153485183
628126352873
6285332132878
6285385058946
6285255576918
6285242565429
6285340362497
6282298539795
6285340902460
6281578910903
6287899242999
6285659611460
6287889042691
6281225549355
6281907813789
6282193680326
6281376755459
6281250900203
6281267197816
6282337279142
6281215929922
6285346337224
6281268880432
6281703353772
6281267197816
6281267197816
6285363739997
6282346559262
6281267197816